0.023724577176059247 
0.8631313073270237 
0.3250754426984791 
0.6293122171349468 
0.005417103089725317 
0.8134735553698081 
0.5982327735546802 
0.2579094114213871 
0.6878852228518254 
0.6765829722884312 
0.9539772804406386 
0.225639185515896 
0.2966169627407417 
0.7781565213085107 
0.6024360429675704 
0.40078614706796756 
0.8845548062758825 
0.490776866227952 
0.19430139301907778 
0.23254092330449327 
0.45310807536252085 
0.41966899611096276 
0.04997136287936366 
0.09806562292541443 
0.06915339849127611 
0.8961896643429985 
0.496021664329345 
0.6874096854841398 
0.853297604964993 
0.38601324980437557 
0.8683653054055117 
0.11185351865114612 
0.9031543645131308 
0.7090176657971737 
0.6955587433185262 
0.10192132207067728 
0.18511250184039263 
0.28916234206397395 
0.8110638298191479 
0.8732187765570399 
0.17905014074107417 
0.005189530558349031 
0.6598773335369249 
0.9814149003654994 
0.5926755962654559 
0.5967694766066511 
0.8627906332991334 
0.7621019346374506 
0.7756526698054026 
0.9957487129885704 
