0.5828684559336121 
0.5770872386417133 
0.010017076322704765 
0.16977558592889475 
0.007202680336004574 
0.26008829126304434 
0.4425265720492333 
0.4090998073029929 
0.9750902796181635 
0.6996171900967058 
0.7725607969994918 
0.5536407180582296 
0.1590760896367608 
0.4998519924223005 
0.42981883207290716 
0.2062178202339353 
0.0431392131175532 
0.27429028639713837 
0.07689224524750371 
0.2589809737569062 
0.4167747111245972 
0.06115390422858513 
0.8506274509229899 
0.8116080137159247 
0.5592619017931609 
0.08581785775923778 
0.4223519336670878 
0.36171250596967275 
0.8639054815808506 
0.05095749528726279 
0.42802026300050167 
0.8314570549035557 
0.9498875592065362 
0.9095231615152239 
0.6328123759722468 
0.9094064793034035 
0.888469846983718 
0.38131458471243174 
0.7894430673147168 
0.13294430403747237 
0.03063737224523444 
0.31084186960409965 
0.5254184499617035 
0.11411536163149028 
0.06487614134291597 
0.332324135793548 
0.7517013481859521 
0.3205457860010441 
0.35662899842827567 
0.2070904947801806 
