1.0350963017203216 -0.5744385571709096 -1.7514016036686089 -0.08489357991323862 -0.3791618974534656 -1.5602246821863597 0.3116747971127995 0.7886651872446427 -2.1417090703481247 -0.7554861862248302 
-0.5407188695418506 0.8712914324299794 -0.7277351739765026 -1.879649685927323 0.8068890498221998 -0.7532170179875276 -0.4223792884947982 -0.686141547058802 -0.33394034248432547 1.086586036024106 
-1.4239995785299964 0.8439321213525478 2.1097886624558564 -0.6459407744221393 1.4987196524468849 -1.3950412193646569 -0.07393755129278064 2.379511859060644 1.3885029746324344 -1.2798689708526882 
0.2823893435201484 -0.20130565984435617 0.8654330548528866 -1.5000872828536278 -1.3874381031376997 -0.1742109343260349 0.07025467258375705 1.0953140090165705 -0.3727665274514199 0.3267088066718017 
-1.4408788253008267 1.3454561776891605 -1.6761512329587842 -0.5935453990740086 1.3867011364702422 1.0910117559128987 1.8241713241746484 0.20856577609688454 2.1167540393291113 -0.6433719101516744 
-2.271855451120774 -0.6008244276908178 -0.8747629161257084 0.4705842719553504 -0.1894434924052919 2.7530608520987396 -0.09562670432827625 0.3599489002220024 1.4505204943890617 -0.010787630453407034 
0.08711194041003291 -1.2958145694307923 -0.9536238868774781 -1.3910814458207017 -1.2845454948916524 -2.441637228619654 0.6035655611359061 -0.21244961306168356 0.6755851754056149 0.22051715065452382 
-0.8934651342153161 0.5488707989634322 0.2863182161158983 -0.3352275258512695 -0.27476112616204224 0.0030293577418989514 0.4228562322158276 -1.485497616578323 -0.5274228722015587 -0.015797620554679603 
0.5251746416486175 -0.6308494115328489 -0.4408304166880099 -1.9450198735029278 -1.6528306146881988 -0.5616487808110366 0.035608237845709635 0.45419524623331564 0.2809542376476626 1.7977638789949115 
-0.16277923587239532 0.6040093992962088 0.5179116323132151 0.6089277381880648 -0.722335692434362 0.1777336310416023 -0.12299494624632523 0.9389181120334362 -1.9506198550829807 0.9500089314831915 
1.3135570479903231 -0.6678301264603858 1.2297005352747088 0.014180064729909243 0.5826912952888709 -1.3367189823775798 0.3514040211397796 -1.1925765426677892 0.3620679728665183 -0.20040708560738765 
1.6931075680798466 1.797415484614366 -1.1954986335128919 0.5867996992329348 -0.8088097907697062 -0.16625156597412133 -0.969571455832833 0.9431760870280934 0.38316343170336253 -1.0688820076875747 
-0.8900524904130456 -0.5175858865555428 -0.5472492144673974 0.7836861231540627 -1.3318245338424475 -0.2362473406670952 0.0791536239952038 0.46065454979197357 -2.1069052616296142 0.5385103186494702 
1.045616610488513 0.03479947197706476 0.7179349143042196 0.2241908153214429 -0.07221226819683894 1.4413915840093683 0.008895498849892445 -0.767614123730011 -0.1641529744033197 1.9842478342621146 
-0.5349232674798013 1.2115678095425115 1.7324551066353995 0.9830253197961495 1.2431327759752524 1.6256868356175316 -0.2944649603651559 -1.6104127065022915 -1.0229817103576222 -1.6103731882435497 
-2.0285740876819633 -0.36000572100375927 -0.24422343609281852 0.996526267448019 0.9315795393536385 -1.3451844300732474 0.6252425593759119 -0.5183913923643432 0.34020608049650525 0.37436470218368156 
-0.21584401688814595 0.09162478969559516 -0.3075532539531369 0.1861062984118623 0.6398992562945487 0.35319158661327027 1.4996715670707585 1.5963179000738372 0.02505796070422167 -0.6865869117866414 
1.999134795542963 -0.5356626636155286 0.28677296911610367 0.5919744274612213 0.7010379463052336 0.39052777815019085 1.1855244010630723 -1.3045686818256703 -0.73163294155234 0.7805654607151254 
0.2425590583960683 -0.2728521525335969 1.792058489845902 -1.0807048559995174 -0.49711352312992774 -0.42991698255316385 -0.3070918276013322 -0.038342976587250464 -0.032038539804246875 -0.08912610540946893 
-1.4309762494883564 -0.7733617848347136 1.0677957624055938 -0.3683314667176714 0.38363169602865016 -0.887308465203814 1.2294645239308704 1.7119918873266817 -0.3345920465145411 -0.04474257018257269 
-0.4545199577463381 -0.7149293387065474 1.0562672467698875 -0.38767673553463045 0.48023032894909584 -0.035089294390696545 1.0042676314737982 0.6750210540300089 -1.5168812524808242 -1.3033764803203665 
-1.2333299846747705 0.04957658277477275 -0.10590615890630743 0.17175858618022966 -0.6304869344113508 0.5685089498482071 -0.38597667522251494 1.0404768945694929 3.2612205740595277 -0.4944752734641639 
0.28964949336250595 0.5731952835498885 0.49944016539931885 -0.9306249122889143 -0.12586294432503572 2.501204579722039 -1.4801709131518872 -1.1210371066831113 0.5889915607461974 -0.5979520803892554 
0.31231799432615426 -1.5032685681904578 -1.55241784597503 1.0403082092000056 0.31194192414625466 1.5934821900057534 0.5698732892047182 0.1530929205076253 -1.2509321900908505 0.5365368079472294 
0.5446508528354159 -0.8200156341718378 -0.6224111824925813 -0.10033847305272649 -0.648320097933434 -1.0373441759714381 -0.9876148176162415 0.19787731335994094 0.77629816397749 0.0368330347043566 
-0.6424451454242415 -1.4572906836304238 0.2575516995534623 -1.1816163322053346 1.0606227223284013 -0.04383687035369075 -1.0428114722485806 1.630956190277535 -1.7380822722448481 2.9999909695575457 
-0.8134968749179561 -0.7785765731548748 -1.2296621712202556 0.5400886883566152 0.0429534285291101 0.5218006756643603 0.5906927726616551 -1.4108973318108098 0.02690814911797562 -1.5461706882280868 
0.9944966774244991 1.2333838833388178 -0.7725500571869303 0.23657243576862627 -0.9086579446800395 -0.6963023962404877 0.2549395112679391 0.2690361335429806 0.06226535080591168 0.5524301832111869 
0.5217349103666984 0.5524884882899372 -0.29099302803890253 0.6681913428746236 0.004196218138747623 0.346514578537923 -0.5410463765943365 -0.43907752034067515 -0.5860547172252871 0.17405282374531564 
0.04156210157054142 0.6266344432135822 1.2549336872121093 -2.0749043549268937 -1.8530269246533357 0.4798531985030649 0.22860716842826317 -0.635121277842472 -1.0374536199972555 -1.0531617167062448 
0.010883049663526911 -0.2607004853235433 -1.385919474693971 0.12581810782088731 -1.0744065197357981 0.5447882778386856 0.44064301577293324 -0.8344368896106941 0.1009286175598342 -0.5804357761996468 
-0.45766226278603356 -0.5146606298978211 -0.26080116896991223 -0.7771196518330679 0.7583571162992535 0.42268323611501035 -0.2093395042825211 -0.3527679492032972 -1.0514994664547956 -1.0663284486636613 
0.6483559173620775 -0.018556871117750128 -0.21757452201457642 0.5336012316106044 1.4411737153707542 -1.673550252415349 -1.5647708524071493 -0.931644718968119 0.9298795702177357 1.10318035552063 
-0.2628992360183561 0.007141488909840582 0.19904133056898535 1.6029628840814338 1.773756306038218 0.7125612960615195 -1.2012448850722386 -0.6530382121831794 -0.7446124756933404 -0.41158644263731736 
-0.9740641058038547 -0.30688907280026223 -0.37185464600648743 -1.3827313317017575 1.011216960555409 0.2388862808569716 0.8724066438280379 -0.5120010151390333 -1.3783000371351632 1.3761669872124813 
-1.0169339491819 0.3583165150650497 0.603221438251341 -0.9416174053782662 0.40384823180509427 0.4187342129933038 -0.2591773386353834 1.5624978977440942 -1.0370559450220231 1.3975413156565983 
1.1023271280258093 -0.3266037482932062 0.30557818388644575 0.41677476384964274 -0.5167304889228789 1.282664919733366 -0.03313212258371985 0.5548868307186018 0.9732002906596385 -0.40566084145092696 
-0.8599883135501911 -0.3273211564330771 -0.24957329476890125 -0.2879304977891909 -0.28031838600313064 -0.3296579477716244 -0.09023239482794436 0.1644758329567143 0.07682254799609353 -1.3821455388935233 
-0.8539352565752455 0.7401777437099609 0.26496177936449666 -0.4018410645930506 -1.6549679229845706 -1.0170409369079425 2.0005919615911085 0.43208052308170686 -0.675640337769994 -1.105254739162646 
-0.01937812623822304 0.045344924435026905 -0.5445344447595044 -0.8377830367365139 -0.0753782852025381 -0.6092961989820916 0.801586155218137 -1.7532942118974126 -0.5185587836007446 -1.285670869334189 
-0.35368960818738243 1.030980444945104 0.5322854376461119 0.5461869551568379 0.5219743899689894 -1.1613841997323031 1.652451576167941 1.3778424932577455 -0.13327946375852337 0.32571724196749613 
-0.24373770296637648 -0.15385054528256498 -0.47496119403750303 0.16213059208243194 0.6403610635663792 -0.8474918261617298 -1.8433622769284153 -0.9968889934107593 -0.5253190189503718 -0.7274167787200856 
0.9207673438662634 -0.07333466933104206 0.4693680411289573 -1.6386412191798985 -0.5892278614703808 -1.0182178097954615 0.9081892299760104 -0.4232693492936198 1.0160480244605308 0.035599633092910435 
-0.1499510845682465 -1.6102242888151213 -0.13819036448320174 -0.7646307002019559 0.7655666826962987 -0.14147870793037384 -2.1662133437049764 0.252248189552548 -1.896493268007704 -0.3599836978921994 
0.7189507842001834 -2.0240938893720224 0.4521270369032143 -0.36797526425217497 0.459082589088847 0.27371917278698354 1.703285906726336 0.2573677872756073 -2.0936151090052375 1.5146296878688648 
1.0577911160902727 1.3965182960629263 -0.8802749854055003 -0.7398558076547168 -1.1756538868412167 -0.754934339239643 -1.304816162507073 0.030683292601455452 -1.0250620722181978 -0.6183949401638776 
0.4011346132989454 0.41790618750603026 0.596846073507996 0.6461258301784176 -0.05952560611133937 -0.1579441108267477 -1.5815627174366045 -1.1290629440842086 -1.0622270547854147 -0.4134931823668322 
-0.10288046314928503 0.6110693653771162 -0.25178529690273393 1.1081261594183462 1.096507008600223 -0.994819333969617 -0.6704278748918302 1.1602472001328246 0.5090813413104112 1.122890315389178 
0.6829489224144276 1.1997373393774418 -0.28258781268857 0.7786500411458699 -0.7783075796773163 0.43622330837940765 1.7061771455727297 0.42482869669243717 -0.040439539784486174 1.4310719478190372 
-0.6716907277721248 1.5933578167463514 1.2774556970743414 -0.8195419925000299 -0.8240922366558417 0.5324323891287118 -1.6055684175601719 0.6214001210086324 -0.5001702319457895 0.1029307366224654 
