0.44007986619544925 
0.08774642708032365 
0.6009366524924528 
0.8862972327620803 
0.30843421042533803 
0.36411386151517655 
0.7865981273868572 
0.8698540599195274 
0.22747216758899536 
0.1733099160826309 
0.6182022480836381 
0.9938530727180893 
0.7563399842461027 
0.2277629818854795 
0.6325996911646905 
0.03248731293942031 
0.8813021480163075 
0.3906393465125202 
0.5735113599488135 
0.5436002431048927 
0.8511396792790005 
0.7002535967955323 
0.6324181311558851 
0.5275494032843291 
0.23607566633124355 
0.09381295414266122 
0.4149460740397607 
0.5311469566113866 
0.11675228472207422 
0.718709905042892 
0.7233535304098213 
0.6635043772207025 
0.49826064107805357 
0.009616449230739565 
0.19982871422260284 
0.6712733074937947 
0.013951242909937878 
0.03092174730884334 
0.11065718994223539 
0.4326873865200106 
0.7347295233064464 
0.936594949807916 
0.06792087868769991 
0.9729750392892496 
0.43176700232834375 
0.7833431779571912 
0.28324158710875325 
0.37812697183515165 
0.9540361334537852 
0.3479743854077254 
