0.027183260623493632 
0.7896657228408244 
0.47680219162354165 
0.046163432883151057 
0.32827936259718515 
0.9999792244933686 
0.25318334355345196 
0.5273588976635989 
0.5872528433780831 
0.035944270599581274 
0.15811577106824515 
0.029357276188579973 
0.7048477865639715 
0.5179797338043423 
0.7525376129165454 
0.11611033579480512 
0.5257937660343732 
0.5123333310865034 
0.8153321491422739 
0.9936202220689645 
0.8867748750433997 
0.056320199282900885 
0.2915468212930501 
0.20131612753983352 
0.32287771201509563 
0.5293952287095541 
0.3876317324483953 
0.11009553273202022 
0.5348433612858243 
0.5673553094112089 
0.10791751941835248 
0.32325176511804765 
0.048550615832446686 
0.27263167082156425 
0.8712790232813065 
0.7727988985152501 
0.10850895392383131 
0.06054665458116604 
0.9729080185994968 
0.031244209130372402 
0.7387413841364489 
0.5995732539148418 
0.5633445766080858 
0.11764702301948482 
0.07728884075341713 
0.9530495813156828 
0.505393282784865 
0.8668423829246199 
0.5446693889238771 
0.21046523670736295 
