-0.324763347059545 -0.16319895439267412 -1.4564323525697258 1.2898485706656813 -1.06493990886182 0.10935684536365341 0.01086265078759403 -0.055499107343656054 -1.8416592397056144 -0.49964438509233844 
-1.2044014438072757 -0.7659304481562402 2.595467376495614 0.9408914715887022 1.0320231485922189 0.9257985267817256 1.3240461799285044 1.6057550384086299 -0.32027958253966593 -0.5709256859790989 
-0.04084365147538708 -0.17117218050029467 0.1376790525295752 -1.6851025097740686 0.21803111918554002 -0.09354770880247218 -0.6329741130637763 -0.5153321262947891 -1.177916509327502 -0.6539796034463999 
0.9931217271878615 -0.23011889002497207 1.0574153464493954 0.19394936128270732 1.6458332081070397 -0.16443206130973867 -0.6683243371994235 1.2847554201783546 -0.026509872873835567 -0.45779909860881474 
-2.721897660573464 -0.8623708427329343 2.359820480502211 0.9771931574168948 -1.5469254956168648 0.6611621449122512 -1.4248048510690383 0.3687687589797241 0.9877561157414458 -1.4952623051699683 
-1.1056604035985582 -1.3522473131959372 1.0520960421905534 -0.7522868832199787 0.6046952120726435 -0.6609610686111573 0.32727655383040316 0.014360439522273068 1.4917907854213683 -1.508643717053263 
0.9701777757902719 0.7172274887269428 0.27156894868903425 -0.32007044282268005 -1.7088640146378131 -0.15354775770921222 -0.04887099437213582 -0.5095692379098483 -0.17854619675019767 -0.11446356726916126 
-0.2575170599431054 2.436368453432056 0.365921791524656 -0.4375005449374874 1.2276169229307148 -0.3792819859491166 0.994712833807134 -0.1781607745890656 0.48211063786167646 1.4531262751593061 
-0.9723815017957302 0.2406816001801315 -0.318309876863727 0.38236294851322705 0.010176121492657743 1.0055654933735811 0.831529377607076 1.1827994010121141 1.0046234389262458 0.0839967095338493 
1.7499928095018005 1.3486610751943473 0.7127061540426718 -0.08197496153385443 0.5843536260286062 -0.37408188004850834 0.8467400968229143 0.4717441926585394 -1.213056986679507 -0.6901739936948981 
-0.2761382670654351 0.7722734579260278 0.7459335192712363 0.6388295628143547 -0.9145716532465656 1.278805890000522 -0.3737148906820088 -1.2647091635589593 0.13443955413187622 0.08481837227328048 
1.784057435434484 -1.4962811604241082 -0.7334686442087479 2.1115602627242755 -0.5587741296048802 -0.49286517520960427 1.3538329795749984 -1.013343010780155 -1.5945351126446712 0.047431677155682465 
-0.27778491110086445 -0.757194433043912 -0.7940222037741651 -0.7279616866986742 -1.2180455276148048 -0.06483602813142565 -1.537623912701806 0.7706224564325802 -1.0569310254820254 -0.20378621891737875 
-0.6258713031625054 0.5968061339980899 0.07974873406527103 0.6565069062215453 -0.20237956385660077 -0.8189600027973009 -1.4655704441906037 -1.3658860984378542 -0.4247791062388281 0.2658321549802656 
-0.4323951204476593 -0.7362982164929367 0.911655062730327 -0.8974504566195086 -0.6198684281300271 -2.152627441574626 -0.7085683757927891 1.3242334182151394 0.5324378165104174 -0.2590994297196622 
-0.5095702976189054 -1.8827365371292761 -0.08676354142793108 0.6400374967844026 -1.64376965980646 1.0902787171391333 -0.3288535649863707 0.17543854039947354 0.42252523246984763 0.37616470873741636 
0.24185766664216923 0.5692388526540245 0.3513777917639357 0.5785181223794155 -0.11165894766825432 0.405931609508769 -0.8619637104661719 0.702782539471042 -1.0885699459737352 0.1074812482771374 
0.4399099476992132 -0.514527180358694 -0.14014181859898112 -0.12871010541661568 -0.013454257154924829 0.24025477996609937 -0.8695809976350072 0.8166890090516657 0.9865629918082802 1.4228231766947925 
-0.9656288568099789 1.553739559821107 -0.03692542749143144 1.3669911956596434 0.09264321538920066 0.648247878195358 -0.2504645817175701 0.22136164017518012 -0.047315808304513984 -0.23483762470631722 
0.926842685335588 0.31327512106217104 0.2821724682432154 -0.0470545829329726 1.3491143428057388 -1.843210350089065 -1.5913654940103836 0.3084643604006813 0.1802066654772293 -0.9110213191067711 
1.7754062110211026 0.21316366970520326 2.4915947313548275 -1.3533282633921844 -0.2223938926964982 -0.9847836702060112 -0.6887848044606741 0.8429981166007083 0.8538817707145061 0.07010213099639881 
0.8530648244374555 -0.5771084282336088 0.8691502289424994 1.1700892537317724 1.1161474902653064 -0.02992808460615598 0.5910362097724993 0.43214524704517593 -0.7299826114395636 1.4936829992623426 
0.16182082802472947 2.2289311737424655 -1.7840708478627665 2.1357895718558058 -0.028076519876383935 -0.6814308038389559 -1.0485480240952023 0.060061813299654765 2.0568206632356674 0.31086701654739346 
-1.8848470316820947 -0.8817910592625595 0.8651256780916133 0.438482885303939 0.2584131709700356 1.6487465349454098 0.2564549466840054 0.878815220764242 0.40360735163347816 -0.4170673943853104 
-3.1109566184539723 1.1439470960056208 0.24597613165603033 -1.1544099935790142 1.294875824008874 -0.297158961698713 0.2816165076340481 -0.15724130359240857 1.2599830062792552 -2.283206802711593 
-0.4845378617160096 -0.12856879691783915 0.3605433040675223 0.29970587630594386 0.170964764749508 -1.5203873106631254 1.3395428884540241 0.16804314088613323 -0.6690466834652706 0.0907580894395167 
-1.4550868938527146 0.1703363751561644 -0.5839354595478096 2.089836699429509 -1.870798294057582 0.8036423332169966 0.2900196217346788 0.4842195209964326 -0.4792122687666516 1.029704299130754 
-0.08482286785337352 1.8480546969054377 0.7970599067078239 0.7112401071591411 -0.6920631324605857 0.9888296325418349 -0.1548071031975521 0.7197079031140746 -0.1852558383522407 -0.4765313989478581 
-1.5223361128747985 0.4685421413825515 -0.44673454296038956 -2.362878684364078 -0.45156650044114516 -0.13485843443574455 -0.15698214848129682 0.9138492170402721 -1.423105809738319 -0.10273890769853242 
0.3106421796814439 0.8811936632972724 -1.6287566838072765 0.0806297237179478 -0.6286518674696234 -0.2528420739987755 1.2659051719184042 -0.37959212942716064 0.3414280619195284 -1.5392382070322916 
-0.9097373218597316 -0.885743812807343 -0.08025619438900203 -0.8444421049323644 -1.108682799104382 -0.015609225449210822 0.7069872040050591 -0.6458298779315651 0.12552983293915054 -0.740545128606383 
-0.5252113969485194 -0.2959346217871601 -0.735897138941471 -1.1557564372266624 1.7914832467184854 1.6221959524994256 1.0187150774116485 -1.0349729456477033 1.7884825245078781 -2.4978354144336024 
-0.29768574716015983 0.17676835828831236 1.6890664499637997 -1.9262829625642717 0.18295947673587143 1.478170408902086 -1.3216732867819032 0.8451309751126844 1.2101412025749787 -1.2434374877609857 
-1.9408378722308652 2.041021254300137 0.4505702638668925 0.40071390309496235 2.432985423036235 -0.7767990257163427 0.4020648451397845 2.199296462985755 0.7554778128721434 1.3355569427329597 
1.042634386827911 1.6597385297560447 2.283451303998535 0.07131473046672931 -0.8887400736328536 -0.04275348158400452 1.246853437124749 -0.3577439419899542 -0.0775665308451682 0.5019928658406804 
0.03227615753220306 -1.0626629718481866 1.7382470858705439 1.729754233957146 2.3562003656336796 -0.5038556621110611 -0.6151276804649437 -0.2738038942115953 1.268639909981769 0.349752476191582 
1.8862871729046764 -0.8139992960986954 -0.3495657725909636 -0.06905695497818283 1.0483009303911301 -0.8070130932972625 0.2719319683903075 -0.15268754763586342 1.522667590908599 -0.6637931702871044 
3.0240911331090703 0.6812787856739556 -0.5545065914697823 -0.10639316822160932 1.1852068422788173 -1.354927069814187 -0.8110832085163864 0.7476654380774292 1.0044697947830081 -0.980951248358594 
1.67436729542087 -0.8780292432654183 1.479428309458743 0.26330463720741104 -1.146875135385551 0.4251758626984448 0.6591100958693488 0.3489890131331992 -1.4304595179186956 0.4909182497854825 
0.48569674876836383 -1.3821026306314321 -0.12321584966320583 0.955086858543936 0.05791598940125717 -0.6930288495975225 0.3204269930893076 -0.42427437886161484 0.2653831146832952 -0.26008009506482455 
0.2677293129823806 -0.2974118428710378 1.2236324290765932 0.5379378516465079 1.025873519273227 1.1770052937984858 0.3637434049249675 0.9670295012185295 3.5107654962487778 0.24842012247187228 
0.4949966653265291 0.1569129341487747 0.795152115097454 -1.8792809941875726 0.9461110093262926 -1.804559531219761 -0.003505127494684234 0.38292873676142625 -1.9512387268295202 0.10345176011316246 
0.33715947117443884 0.5494935462743482 -1.339995342237165 -0.13756330669625094 0.9551138431406303 -1.2999207221455513 -0.09886683103006555 0.13163996820099516 -1.7061084142819856 -0.21982075891053549 
-1.5747660242117418 0.10977002302620513 -0.4251751291630338 -3.5424496854849803 1.8933526756579238 -0.6012371927091007 1.013746911314281 1.2257992450378539 1.1843531244281682 -1.6841958135857218 
-0.444633416882934 -1.7013058611481666 -0.32446314401010845 -0.861554397845846 1.2259533432888263 -0.3178457554180883 -1.3798518809542397 -0.16261664734711834 0.9612855420183386 0.7902277979190759 
0.4741536644129701 -0.9098601228569725 -0.004705292747779924 -1.195909106148833 1.159367178987618 0.3666516939013887 -2.038501487328995 -1.5652269913983758 -0.6367818016876899 -1.1829645397384725 
-1.884005894312471 1.6266669243053535 0.4025955402476857 -0.8010024560507389 0.02556801498322884 0.3953834091993465 -0.7353458841808392 0.16633034178726175 -0.9840167138330022 -0.10755527461893818 
0.9403822154217351 0.3090735239045822 0.875870029695158 -0.2110923367939696 0.30248996676766404 -0.22977461482891456 0.44273864405403235 0.1722492305486815 -0.24939987874256964 -0.2468938671240397 
-1.4261622662543343 0.5233815519741164 -0.41081189935885914 -0.3126485896619687 0.9405398706246927 -1.8866475459145335 -1.4608385769734746 0.5075429290850192 0.44181026847216726 -0.5759493065331853 
-0.9221608323666258 1.0740566368121645 -2.0663990167220776 -0.47798866139109536 -0.6264080299711051 -0.4791418672997841 0.26796790404359416 0.19523966570238763 -0.8035960139353465 -1.073543643335035 
