1.0795514278097968 1.067321497653219 -0.9559761741110228 -0.1009133544056009 -0.2821601171026402 -0.27525383467745024 -0.027960177488941543 0.5851392360751672 0.7830652089849189 -0.5411431210477702 
-1.7641679347152341 -0.709075343152736 -0.060260649541167936 0.5426450640349125 0.03259675461563002 -0.7360546406887852 0.2675238538563202 0.30384038598781477 0.22446480509699449 0.8988702190246979 
1.6995424484592825 0.14073674865161245 -0.7874937159334755 1.3490066151074596 1.4086287665206176 -0.4161390934443933 -0.6716749884714236 -1.4618423064472676 -0.5716538798456599 -2.2359115347036425 
-1.5217628218727113 0.5241020834562394 -0.2990534758925157 0.025181132284262192 -0.7737177217132795 0.2085581393157982 -1.1736792301228531 -1.764213853679555 0.34262699197517604 -0.08739052901586446 
0.4629024430814732 -1.1673375298628823 0.1583841003736193 0.6321649579594911 0.6073780078542814 -0.38929860156049695 -0.16369511900241085 1.596520307235081 0.8364473403470328 -1.6648646434294816 
0.6334190851879522 0.24771762464161684 0.21531005053649108 0.612162981863614 -0.6778555446258985 -1.3138859153101377 2.3651067436639988 0.5419126318412657 1.0043189697887767 -0.4390435596586507 
1.079481760159826 0.8309304700993692 1.4302828654777422 0.7876178238158832 2.023358322014639 0.3345792767173015 -0.3784411277849435 -0.5713069505853299 -0.32053040285057255 -0.6712989647449912 
-1.065988664586761 -1.0485327488230018 1.0824428242714674 -1.2457800535278314 -0.08395699184853009 0.9182264093596043 -0.258917718341718 -0.11446960925681278 -1.313533676012287 -0.7723640925591523 
0.980238267109085 -2.4371631975383354 -0.3421116603345304 -0.07044000172844071 -0.4554145964111525 -1.156713126601107 1.158977108442456 -0.8287474061315669 1.482258051092898 1.5526995203415528 
-0.4834988729418338 -0.17900109233103934 -0.20354839255777532 0.8889001082578882 -0.0859164617030153 -1.1410727444617843 -0.7490985397091728 -0.6725069963537991 -0.781341493289191 1.0463407973449985 
2.1675006161773207 0.11090381287782736 0.2543705011583142 0.6213287796085797 1.1862010954125284 -0.4177061386630225 -0.026978764296210957 0.2565741837709952 0.2891534977418397 1.0174972889841372 
0.7923710612179636 -0.13895010904612426 -0.8162327269693421 -0.0719536100102641 0.3833178340600203 1.7138108989319036 1.8708055867613527 0.38597772550230636 -1.856085876522814 0.8093699336372295 
0.07403896678307503 1.3110013347134852 -0.11106526771141949 -0.34688636750908536 1.6219358195258735 1.3352487329150515 -1.7696512211235094 0.1688750907722365 0.7109202629247305 -1.3019241701614772 
0.07712090515640573 -0.3048154434665821 0.27089224259827027 0.7444081364086997 0.9212173882218256 0.830468684426157 1.940524643230814 0.286697772222138 -3.6080790685638426 0.572773496084221 
-0.5048473875869917 1.4108353466485641 -0.5274281360945713 -2.6650847708654477 0.3659777711966475 1.7475867026527279 0.2792708360600449 0.7409762939254552 -1.2266576570600771 0.2689754095345088 
0.007671748492668099 -0.859164455412612 -0.10787193213177822 -0.35540857982994745 0.23105544839310593 -2.875110898692171 -1.2915903241074225 -0.2415698807258228 0.09755781640287636 -0.97909154760925 
1.2486222569372367 -0.8416239780466913 -1.9115720482396414 0.3411528363853631 0.34549494266000574 1.1878132103696422 2.187624070648602 0.33868319143621006 0.003142340780891063 1.5315477244948874 
-1.1208445100159337 1.5104518627193217 -0.7029104547227895 0.38231088357951487 0.7044507457913176 1.172379230042766 -0.25543810284623664 0.21533246008028795 -1.4396454775357104 1.0135971867323408 
0.9330873840585175 -2.3565046389372655 -0.310951906474894 -1.7195799018569577 -0.28996704556308145 -1.1844647974960867 0.9022533463074924 -1.868768117725437 -0.47564745412624626 -1.0678813853754112 
-0.6601238331222911 0.1793894651954417 -0.8445048570735886 0.08395179978341497 0.6831257087876151 0.4558352251295372 -0.20415949368109837 1.102143498137464 1.1227141032884578 -0.11166942195881553 
1.3301776860851715 0.2325930905473238 -0.628115636157736 0.5023180687244202 2.502368075221689 -0.4025051789702348 -0.08723760930343775 -0.11311225284017364 -1.1413157263218752 0.3380644649278613 
-0.050183576423954074 0.19383637312129082 -0.7871265186209869 -0.06010221667859779 -0.5428858335390736 -0.37527583943499065 0.6984327485130665 1.3427550062907907 -0.26720654383300335 -1.5988403249732714 
0.4752548134771949 -1.7412751584109256 -0.609823630563873 -1.5840593175303908 -1.672117327346769 -0.01666086322414469 -0.5986926031956908 1.5460876449390972 -0.03536948245111411 2.490487822271799 
-0.7695914514157939 1.1631355064489912 0.2953347581866447 0.7273195546661465 0.15398673960536569 0.46853301575927775 1.6119430701970678 -0.9240910828411145 -0.2203398093028381 1.579493964198644 
0.8172834891846829 0.2763997802762889 -1.2282563658634096 0.023489669945169225 1.1481240262201389 1.395790287647393 -0.34043684816732883 -0.46157592526653685 -0.7021308127996727 -0.6300017897039749 
-0.34383964488985286 -0.7022801783744282 -0.46756358906780987 0.7579824249180707 -1.0166144404133477 1.319518690959617 -0.5538046112637927 0.6021842104116109 -0.02114853264655524 0.6779023183758505 
-0.307939798878623 -0.6577592095942068 0.7052712658975937 1.0809774212753949 0.06380610065734982 1.2262669485789004 1.188959419249129 0.4122395524075109 -0.08565423898244594 1.3148512832168773 
-1.5367237901948647 -0.668457792824706 -2.074494924481205 1.4778666968459264 -1.1382991047098634 -0.2684989367612815 -2.6220678619463387 0.5145517930063597 -0.544143568917771 2.142284217720556 
1.2123464169766807 -0.07542637145502144 1.8919272909538722 -1.1616538163136134 0.9188076628219256 0.6461907053196936 0.0962743190498146 -1.1874191296087335 -0.2005081746398401 -1.037678125750685 
1.2004894407598994 0.4822269877600414 -1.476833925294215 -0.3325070752545799 -1.0114781672481514 0.08397494966146755 -0.5971412352437518 -0.41326486311779875 -1.6974116122032499 -0.2086314852828157 
0.4303495209818689 -0.4982327245109792 -1.2485826920823264 -0.5726346828538155 -0.7281364815284845 3.260384748044194 0.15214750221653348 -1.7565120716346028 0.79306983463276 -0.36425260333405474 
0.11691364649149094 -0.4417101613072534 0.3558381016743813 -1.3252079358244413 -0.3232597873065939 0.2918216064994684 0.0450112095262329 0.5966475343974941 0.9221204301516783 -1.5486511499109674 
0.3101040613114807 -0.18782757310028853 -0.9941576747245 1.2568675812380348 -0.2839307259209398 -2.0638935085044925 -0.06057252192803488 -0.6540899578561908 0.0973781708749876 -2.066803901972283 
-0.268358796575397 -1.1915949871363218 -0.10117972506758484 0.8626736719578793 0.3741056151953274 -0.36322556965553165 0.3796140905060466 -0.016189212775179904 0.12425509862618855 -0.3965477280452035 
0.4851873272573034 -0.33154178681983804 0.6129746612485433 -0.6477326817689747 1.1925765301411724 -2.6788105310662216 0.11949369655524555 -1.0244133638919164 0.810695340363304 -2.927945461424914 
0.9124442119908752 -2.0415607940691025 0.3232948887244409 0.6384349993419169 1.541902626892045 1.1957727433462004 -0.5684631379673726 0.6811972797998438 0.025104406353039312 -1.228138819784269 
1.7915400985504208 -0.25577999989110367 0.15152445316703614 -1.2757476165108061 0.5055221011372294 -0.7950319663041693 -0.6120951269493696 0.4046839457760232 -0.6636281184257242 1.138510150606843 
-0.4008944580245121 -0.6494587264166851 1.0209316490844085 1.610920110123537 -1.7498123626837199 -2.106360017645108 -0.04127995249397791 -1.0499178356718102 -0.636588782730274 0.03410994241188351 
1.1702634802133776 1.087820626084636 1.328817270008594 0.43047865288607606 0.16980253784346544 0.016300391486843067 -1.621118524361654 -0.6414961270266201 -1.6582933227866636 1.2242679330351085 
0.35984487229757156 -1.289616194232137 0.4623948953242153 -1.6907352561395124 -0.04773062964354982 -0.4826651360569777 0.16396000952509812 -2.0491942655441453 -0.7092183423180067 0.8940662601673982 
-0.7233929535703336 -0.4246559157593904 -0.542914282216807 -0.2394561992936629 1.0353403904712555 -0.6760514657204034 2.4998323969988543 -0.35441453831388375 1.3329529748259445 -1.5004712147538608 
0.9555368690017032 -0.013822939413058021 1.0449213626519065 0.2914617031690359 -2.277259665940172 -0.4642605521473395 -1.0931470706227462 1.075937152323571 1.3826119134239325 -0.637950595724129 
0.5210379227237848 0.5996120925440244 -0.2381423308746575 -0.660695032944304 0.25623901139697475 1.5394784277133267 1.8357809087680363 0.7373683557793079 -0.8106396147732081 -0.2924194883460468 
-0.7521243312217905 1.9430182483745957 0.0860777328179215 2.264054096632561 -0.5584425607882355 1.6122254893163408 0.279315071085913 -0.2999051612141873 -0.7685702177852436 -0.1490011037166202 
0.3227336490487096 -0.46304547340969265 -0.5534785035055011 -1.578703334720297 0.7882080650130708 -0.24920902381847804 -2.103553923685798 -0.09622312479824714 -1.773905835206296 -0.6453256952462353 
-0.975912682228132 -0.28140846028361954 0.03423373324909755 0.5039601979937433 -0.9974081675821818 -1.1205180265713846 1.1281315327510697 0.3306657394549887 0.16189848499712844 -0.0788945194428612 
0.4190688981313918 2.6242554545148384 -1.791829162448425 0.6500192824664932 -1.4996964071945753 -0.9218843660162509 -0.9151893994414654 -0.4740063047344099 0.14289507754257605 0.22907982763304643 
1.0376830455710742 -1.263293522598425 -1.189770768717822 0.1477567167890959 -1.3280416776791097 -0.4822805776219909 -0.6011634146105957 0.8351349338592013 -0.4339570115507533 1.348915075951272 
1.1910421599960217 1.2667998237076157 1.2390624611292667 0.9487465564317258 -0.40680162175266893 0.9623024447922816 0.8879193072560791 -0.0071185312294519765 -0.6360662049068584 -0.6962188864467785 
-0.39045825836471504 -1.2268762011132743 -0.8932954448429827 0.16767410905282873 0.24356763723504357 -0.629115354558542 1.0167029202950386 0.532106742700043 -0.6439755232805426 -1.5540043801360226 
