0.9603463885398953 
0.872104048821566 
0.9537208659341018 
0.09139707119580043 
0.34516639629692747 
0.23643477401155044 
0.7616998451107364 
0.9725000194764812 
0.22281649717647056 
0.808824818659774 
0.15907947829316837 
0.2703812793545587 
0.4751192472639022 
0.016086371132189026 
0.14939862785893532 
0.5310549838096916 
0.5161180988364438 
0.3160407513647445 
0.8968561243984385 
0.2151347277344885 
0.5325639656173148 
0.781309530470072 
0.7175872236492747 
0.13729241796993374 
0.8293218906667683 
0.29593812357664384 
0.2684051555161474 
0.14979001313271068 
0.6290940681416196 
0.5045299246854921 
0.17742280717648473 
0.4368140388783802 
0.6612062414526932 
0.6154849081639535 
0.8619465039859211 
0.8888814195963445 
0.14080635430992827 
0.6530990486662223 
0.5612601649925204 
0.16037476771123704 
0.2876761203782683 
0.7776962725725858 
0.6753951852508749 
0.17830370080596014 
0.3629572461228463 
0.8486275552527238 
0.34570698472165096 
0.06667857768375629 
0.3124460588293926 
0.4918871220654164 
