-0.1784130100908863 -0.03860567074062678 -0.2938558701651784 0.398023863249224 0.18909369635887924 0.07987966093079331 0.26868647253540934 1.2843455476401 -1.2216584922269114 0.9640750092767755 
0.019167185576867873 0.2736680424876706 0.7221602396920159 0.6071926424940809 -0.8151586824762556 0.6932418863813034 -0.4660045389526115 1.3762755713951063 -1.1550346502741509 1.0379058931213687 
1.6487408726452961 2.1423631381568593 0.48426721403077405 -1.3734428070752631 0.49281644276309106 -0.40550033226154825 1.6109577045953916 -0.5730809853899376 0.03527335423772364 0.7078155582131824 
0.6030555402564421 -1.5117468280587765 0.03676068192699062 -0.30134346685063307 0.6859936507549849 -0.6400852512300913 -0.05168254128588014 1.3694537257776485 0.31874938761741023 -1.6014433979131426 
0.17068291757409979 0.5274055697207907 -0.7494765659465039 -1.6980331782776166 -0.24930679213289964 0.506153042104871 0.2987100091184048 -0.14991481825103292 0.31784879448014586 0.10592706195283205 
0.8778065420216904 -0.43585771426001896 0.13688309272497537 -0.22526711700535174 0.38853753778863703 -0.9771117274136675 1.1666749373135328 0.4881382249664739 -1.731483786730321 0.6655061283464608 
0.0033391333720538216 -0.6641435505552313 -0.8509901147992635 -0.10097372645566408 -0.7989485438195912 1.1631814857878564 0.8298078816039198 -0.23904402040652314 1.2734938042462853 -2.002981907719907 
-0.07792304495661749 -0.17705846928475308 0.9151150261722661 0.2837854876303546 0.011700031580217629 -0.5010319019969436 0.6548816440748415 0.10829563554051097 0.215906158626612 -0.5765796539260053 
0.8993638348419969 0.6609195091314214 0.23926378607357499 1.7429753521092135 -0.05937857840153099 1.0357922787377107 0.39061160384433213 0.5813195169117196 0.05008219615922961 -0.20120475619993394 
0.1575106666817396 -0.5806743096008602 -0.6454311436812296 -0.8432050574282196 0.07914739141305652 -0.36857036538561755 1.0257703623395722 -1.4139520171217215 0.10848433320268283 0.22829785548144876 
1.130832411134366 -0.6178248963211002 1.4560528395035697 -0.6732671368439258 0.5204783040428996 1.398236835815031 0.8510993588164664 0.581034450998813 -0.5928146150459075 -0.060578831009574355 
1.241964813048967 0.23858032122580486 0.0017545916710784597 -0.9169762817461442 0.48164903124161684 0.20693703471780633 0.2855457137534129 -1.0656537324621098 0.4129536353383614 -0.5841862678639481 
0.6121060294482753 -1.5456296909625717 -0.09941374883895551 -0.3619188063140146 -0.4477470265089134 -0.4521295740694527 -0.40717552522066425 0.2568786965087584 -0.12768077415144635 0.016908034885182534 
-0.7013477659413784 -1.2834536801596594 -0.04547294342326348 -0.23258474653338232 -0.13003157425855763 1.4150343718601468 -1.2119429940013497 -0.5299399739844434 -0.45947230846322057 -0.7149896717266179 
-0.4017617950567385 -0.06103951210441087 1.3975568233605162 -0.532715859693732 0.3362088457526465 -0.4517452337698132 -0.46184286409272973 -0.786852135386098 1.309408607898192 0.8038890410652525 
1.8058188929400647 0.5706077564918892 -0.9356880472171853 1.407334921089842 -0.3956443342844702 0.386927961860616 -0.5798333527105581 -1.2853579323496978 0.2804313910719048 -1.8189185966402215 
0.6825394515703317 0.16596225346019555 -0.3387063608417239 -1.9450297406526957 -0.9694734029658504 -0.21511876763976032 0.20481725559619962 -2.135098391568316 -0.017736170467912364 0.03246620630896543 
-0.5502162958621215 -1.489368401756835 2.3217150744910233 0.11404554132573594 0.0253891363740073 -1.6281033244519605 0.5474931748457692 -1.246239015317638 0.10145608133160768 1.2365884672303014 
-1.0110946468177222 0.01594409320994384 -0.46293082527881496 0.5625517732359693 0.43498543652202337 -0.23731395987055454 -0.4744601870940067 0.4210418128793259 -0.395163246425123 1.0241032679739128 
-0.7553446565507254 -1.2453178211383056 0.7245529608620644 -1.7262423302656291 0.6699011403328059 1.0837921400052117 -0.6075215080919449 0.6499935063986454 -0.5805029204697634 -1.252742971458251 
1.5202126399293943 -0.9069801465141905 -2.9430226350200215 0.6252763195840106 0.03658420510353767 -0.37368421869851703 -0.5820020151171356 0.8340386169612439 0.3428407364993342 0.025522987317100423 
-1.5713232453082164 -1.0748818450993536 0.5173077176712385 0.120297443201562 0.2453565586342255 -0.9812140639890566 0.6535588387182971 -0.46739579647772467 -0.8282815144083201 0.2087475067664271 
-1.8931883738338982 1.0360202373701286 -0.8576110646164701 -0.28395359313386614 0.07906890417628284 0.36302901608200216 0.7237842477320426 0.8939846380241103 -0.13480127664513286 0.0850942331007005 
0.1288200634981823 0.4052087436909825 -0.7468648760455543 -0.17725288533651054 1.7133640495343756 -0.49575983544398194 1.6015533767170103 0.31179756525602775 -1.1100778092397705 -0.11337272625889028 
-0.7415609469440809 -0.4803191228914735 -1.2550090468937085 0.8149585820849595 -2.4367566376922007 -1.323673231514542 0.06569240841497223 -0.16541443602500985 0.14039103493583463 -1.529258635672661 
0.32326460629476284 -0.9603778693281527 0.1556035708920489 -0.6514136122823978 -0.9350639770233184 -0.4143209773335994 0.6065850422774951 -1.477647697328296 2.0078489926743903 1.015249310511061 
-0.259496368820379 1.615949754069709 -1.2325876396495437 0.5808986665046706 0.4317107294350592 0.08280334732075398 -1.285430004372004 -1.00970020798507 -0.6612925512584172 -2.885442402974022 
0.12292903713996266 -0.7791723226662406 -1.7072484434720618 -0.9606575948168353 0.6617563324946083 1.568101650667815 -0.46634949637241 0.9038235491049152 0.8851039873339296 1.0786001345209675 
1.5688532666754087 -0.9208364383673391 0.045923365902624226 -0.9667853169855578 -0.906662529210356 -0.10187556307045496 1.0138587473562874 -0.8671495768681264 2.8157618009238035 -0.05373321705973039 
0.2889581418529472 -0.57716998682575 -0.29019429314707074 -0.5096983485989637 0.9219249216576778 1.490155168236664 -0.3458970695627692 -0.059403428979942885 0.03484657190296064 1.1462135391773662 
0.4313604306492041 0.2860340137084821 -0.9355976328596383 -2.009154467898464 -0.29899578861412346 -0.21276551289774379 0.4409131741351795 0.5005859496311073 0.031053803661297 1.1680827051251792 
0.11015206282022125 0.28451451142367623 0.5585094325093263 -0.21396228332000233 0.3233016302844081 0.4892596280317027 -2.005814484688634 -0.1934626801643795 -0.7959475872821122 -1.6559900640062941 
-0.7777514775442481 -0.2540832256073335 1.8689859344728088 0.27641065645262125 0.27194452356108106 -1.5204597684810146 -0.08060999869695995 0.600219959679156 0.25269765584058784 -0.48581208978022 
-1.6419850857025258 0.46486494470555817 -0.736406485012298 0.12714823260250863 -1.4198461424379538 -1.0366436917411563 0.09131314903250409 1.8415209891339233 -0.007559574913879131 -0.8506572947000306 
-0.11042093303834238 -0.1602201414157943 -0.7536167250706318 1.7451641787658194 -0.7916702502581016 -1.1192724663303844 0.8316877460673214 -0.5806763302863096 1.774035526293254 0.20850027640840318 
0.9880748069266776 2.448340606212901 -0.4611785499855738 -0.6979927194982876 -0.647168500533168 1.2812985227313591 -0.32679025681361257 -0.6253023804707466 -0.07209931001029854 1.4530934462141492 
-0.649985400347135 0.015235880617342518 -1.430271127352779 0.5659500166667312 0.5998518196738402 0.8525351074776933 2.204117205483606 -0.2542892478190136 -1.782456951023991 -0.1991156487298473 
0.15632117101771367 -0.8296503831913566 -0.3422003439913509 1.7051025948553338 -1.1087301761179342 0.05525377881264473 0.12502582526586897 1.401736585179761 -0.960173233639636 0.34574479696999005 
0.9716118181129324 0.9157392079744157 -0.2948133528453708 -0.467318827870888 -0.823930839137343 0.5203666939907882 -1.1370587154945242 -1.7884987309046507 0.30028811521075155 1.658735246283402 
-0.1731952109613407 0.007651551387569837 -0.34701920669909625 -0.48973275582041 -0.6411478487874929 0.7642704269512001 0.8593107367372522 -0.8004991279939078 -1.7395191307174411 0.9291862395322784 
-1.1906562116120138 0.28001679805940255 -1.0694712576382774 -0.7437795233618855 -1.3496682626249625 -1.5255835930111115 -1.3292599046858113 -1.5385013750670162 0.3705876288565054 -0.33610590737379387 
0.8537390468565613 0.32784113470202514 0.06697483997382145 0.3619532973358877 0.3806995248076207 -0.7359995007124938 1.053055774656732 0.21494722480097125 0.134850558874622 -1.0991847556396594 
0.1354815171283486 0.012322393235546307 -1.1992451636157737 -0.5144483739613548 -0.9976322319876747 0.5288747785441514 0.907044409677449 0.17591251051944654 0.27587833340758144 1.0599102328679353 
1.638583774086369 -0.3394978650364979 -1.7153023258433813 -0.5096691254420039 0.9372599511937593 1.209373085500762 -1.600915494400515 0.4390402774745442 1.2305405041611317 0.2151268739739714 
1.139265113942668 -0.47784497738026044 0.10852604039536135 0.47003526997798567 0.2987167504961089 -0.42670006293123625 0.8575777157961639 -1.2169422124932254 0.28656881437599496 0.011044986651888192 
-0.9346768298332591 0.062332346224812325 -1.2943779026605917 0.040102974670219914 0.5379620329364203 -0.44184035727318755 0.3559379175339164 -1.7364929910612197 0.4744795379986966 -1.8535831880739062 
0.9032708663741736 1.2277572291487806 0.2554195451511132 0.2786370147583171 -0.6750505110424816 -1.4688633021620523 -0.45759434700717705 -1.5054096624918447 -1.963959328573653 -1.1860977714863092 
-0.48840378077619107 0.5709674964845198 -0.7624200753432625 -0.3464087924545407 -2.3400246198587493 -0.2729132508560888 -2.630407806891733 -1.9423223572262447 0.7667389686385632 -0.43261369573181957 
0.00660626904031271 -0.8750136099627519 -0.6842088974091984 -1.9217967936749731 -1.134542312807921 -0.5723673090369142 -0.6745836403244942 -1.4497034884854267 0.600903036564819 0.41153939804160783 
0.7578644584924628 -0.388592380474965 -0.26451908698864834 -0.054288832579486156 0.648722150890121 0.9266094911944094 0.8790534605625829 0.37748113564543345 0.44619993835610927 -1.1529377465561546 
