0.8255836072053508 
0.49943493135447414 
0.2850382315868535 
0.6014286697227537 
0.4260927895809772 
0.9990336813776985 
0.9250313718191301 
0.034791357021095703 
0.058956149973423355 
0.8608847338262817 
0.8111755005746569 
0.2728514283293776 
0.0500645381627175 
0.44129837505352976 
0.726485825372507 
0.7002622489105366 
0.3759262547907718 
0.49779347403777396 
0.7899399126997679 
0.1409258656718061 
0.0695133341410894 
0.4572191450408072 
0.18843917042396607 
0.22293964352812767 
0.9911754685894067 
0.5887160798543908 
0.3060796726567586 
0.5728366881957055 
0.666067893791957 
0.43652826391353816 
0.3550109256194248 
0.7414932077264038 
0.015516372946592472 
0.5952152524325949 
0.5037624179360427 
0.8822421641204368 
0.7169689718379482 
0.6686043228254965 
0.6717701114169098 
0.851144979089615 
0.6156607677739565 
0.043860071760877584 
0.6129356967814419 
0.580037913171686 
0.08084443197216717 
0.9333394738162842 
0.6464036070514615 
0.28488377156372746 
0.45041584258848266 
0.9894380272411334 
