0.20416518627608038 
0.05169675599842627 
0.25293835742528425 
0.6014621182895337 
0.9627082843435906 
0.3462379789291228 
0.4804216596627743 
0.14888000949843427 
0.3022089616693122 
0.03338391890019499 
0.8616681480593451 
0.24782675051016145 
0.41508897027107894 
0.7683394033642738 
0.11834434396287696 
0.18900141853128016 
0.9305347576189729 
0.002642218705336985 
0.12712004470080351 
0.759073767379602 
0.5111846158808807 
0.8428066381040125 
0.39226006434274574 
0.384980523043968 
0.5899992059225497 
0.4978579913214388 
0.912809130004645 
0.8692029564226723 
0.0727856003355114 
0.1932303073887479 
0.9070469781704921 
0.7502363410342673 
0.17657106164841752 
0.12478763784444125 
0.46724237763904053 
0.9093752577964296 
0.70000021699465 
0.7542696962833685 
0.10933599097359847 
0.16310316455945395 
0.9291545772863117 
0.5062503234876805 
0.3550338519348294 
0.2297887893504571 
0.07067127555579089 
0.7167373872434067 
0.9378947541293597 
0.6400553905058183 
0.5737633097692434 
0.5048310436938352 
