0.409342259051778 
0.31512329498743985 
0.7399908058979677 
0.6814228197390968 
0.304367317027067 
0.22413502760399373 
0.605965140724679 
0.538286653286586 
0.8933464186594285 
0.9465763945655891 
0.14681747010389057 
0.30794679675069636 
0.34967675784849517 
0.8052925417541099 
0.5028899930842551 
0.060651028143548946 
0.22272766057711357 
0.4386440389804054 
0.37210961802164355 
0.27324238475042306 
0.1909928747684947 
0.638518186273051 
0.4975880405180836 
0.9709734872765557 
0.1845978032399176 
0.5199528958902384 
0.9027662387426137 
0.07484984914771642 
0.24315949809755344 
0.4052161456799891 
0.15074491631755293 
0.205021578556142 
0.7415978669820699 
0.29834815511890533 
0.18666968972272124 
0.3245305885746559 
0.16434882254638572 
0.8505874257549345 
0.38551552164557246 
0.7727607968533334 
0.4375311605011648 
0.27276571717324793 
0.2723425754622072 
0.43422706759447427 
0.9389709540698975 
0.7376714344381498 
0.008070823823302264 
0.015878013521409606 
0.6975884305155418 
0.4335445166392009 
